m1: 0.00468282 +/- 0.00160301 (3 sigma)
c2: -3.49783e-06 +/- 1.53931e-05 (3 sigma)
