m1: 0.00432121 +/- 0.00159632 (3 sigma)
c2: -3.38357e-06 +/- 1.55408e-05 (3 sigma)
