m1: 0.00105282 +/- 0.00190804 (3 sigma)
c2: -8.212e-06 +/- 2.02022e-05 (3 sigma)
