m1: 0.00370761 +/- 0.0015964 (3 sigma)
c2: -2.42724e-06 +/- 1.57754e-05 (3 sigma)
