m1: 1.56605e-05 +/- 0.00224812 (3 sigma)
c2: -1.55317e-05 +/- 2.41927e-05 (3 sigma)
