m1: 0.00360098 +/- 0.00154037 (3 sigma)
c2: -2.18328e-06 +/- 1.52185e-05 (3 sigma)
