m1: 0.00428929 +/- 0.00153998 (3 sigma)
c2: -2.73895e-06 +/- 1.49889e-05 (3 sigma)
