m1: 0.00448224 +/- 0.00167356 (3 sigma)
c2: -3.34696e-06 +/- 1.6287e-05 (3 sigma)
