m1: 0.000118426 +/- 0.00235678 (3 sigma)
c2: -1.33822e-05 +/- 2.53484e-05 (3 sigma)
