m1: 0.00074422 +/- 0.00175795 (3 sigma)
c2: -7.64473e-06 +/- 1.85807e-05 (3 sigma)
