m1: 0.00305003 +/- 0.0016839 (3 sigma)
c2: -3.90364e-06 +/- 1.69967e-05 (3 sigma)
