m1: 0.000968242 +/- 0.00182083 (3 sigma)
c2: -8.81669e-06 +/- 1.92722e-05 (3 sigma)
