m1: 0.00180549 +/- 0.00166983 (3 sigma)
c2: -5.73775e-06 +/- 1.73026e-05 (3 sigma)
