m1: 0.00287924 +/- 0.00155061 (3 sigma)
c2: -3.61774e-06 +/- 1.56411e-05 (3 sigma)
