m1: -0.000248878 +/- 0.00217002 (3 sigma)
c2: -1.67815e-05 +/- 2.33374e-05 (3 sigma)
