m1: 0.00191484 +/- 0.00174978 (3 sigma)
c2: -4.98566e-06 +/- 1.81384e-05 (3 sigma)
