m1: 0.00386393 +/- 0.00167365 (3 sigma)
c2: -2.44674e-06 +/- 1.6532e-05 (3 sigma)
