m1: 0.00298772 +/- 0.00160632 (3 sigma)
c2: -3.98564e-06 +/- 1.62179e-05 (3 sigma)
