m1: 0.00478394 +/- 0.0016807 (3 sigma)
c2: -3.80541e-06 +/- 1.61297e-05 (3 sigma)
