m1: 0.00162412 +/- 0.00161156 (3 sigma)
c2: -5.04516e-06 +/- 1.66883e-05 (3 sigma)
