m1: 0.00462023 +/- 0.00154634 (3 sigma)
c2: -2.99178e-06 +/- 1.48468e-05 (3 sigma)
