m1: -0.000449312 +/- 0.00230958 (3 sigma)
c2: 2.26721e-06 +/- 2.4325e-05 (3 sigma)
