m1: -0.000205727 +/- 0.00204062 (3 sigma)
c2: 4.33586e-06 +/- 2.36568e-05 (3 sigma)
