m1: 9.06373e-06 +/- 0.00205467 (3 sigma)
c2: 4.46541e-06 +/- 2.33576e-05 (3 sigma)
