m1: -0.000255983 +/- 0.00220746 (3 sigma)
c2: 6.68058e-06 +/- 2.16843e-05 (3 sigma)
