m1: -0.000677382 +/- 0.00198485 (3 sigma)
c2: 1.38157e-05 +/- 2.61032e-05 (3 sigma)
