m1: -6.65078e-06 +/- 0.00210912 (3 sigma)
c2: 2.67342e-06 +/- 2.60503e-05 (3 sigma)
