m1: -0.000212425 +/- 0.00251547 (3 sigma)
c2: 6.59297e-06 +/- 2.7112e-05 (3 sigma)
