m1: -0.000155564 +/- 0.00202339 (3 sigma)
c2: 1.55723e-05 +/- 2.86851e-05 (3 sigma)
