m1: -0.000343197 +/- 0.00197296 (3 sigma)
c2: 1.43637e-05 +/- 2.8718e-05 (3 sigma)
