m1: -0.000306475 +/- 0.00214149 (3 sigma)
c2: 2.46696e-05 +/- 3.50936e-05 (3 sigma)
