m1: -0.000108481 +/- 0.0020703 (3 sigma)
c2: 7.19056e-06 +/- 2.31514e-05 (3 sigma)
