m1: -0.000467273 +/- 0.00197678 (3 sigma)
c2: 1.47985e-05 +/- 2.68748e-05 (3 sigma)
