m1: -0.000268336 +/- 0.00220535 (3 sigma)
c2: 6.68104e-06 +/- 2.16876e-05 (3 sigma)
