m1: -0.000518302 +/- 0.00200516 (3 sigma)
c2: 1.37276e-05 +/- 2.57402e-05 (3 sigma)
