m1: -9.63319e-05 +/- 0.00220019 (3 sigma)
c2: 4.11449e-06 +/- 2.18782e-05 (3 sigma)
