m1: -0.000239971 +/- 0.00251909 (3 sigma)
c2: 6.63873e-06 +/- 2.7107e-05 (3 sigma)
