m1: -8.94038e-05 +/- 0.00220243 (3 sigma)
c2: 4.10539e-06 +/- 2.18754e-05 (3 sigma)
