m1: 0.00014213 +/- 0.00266861 (3 sigma)
c2: 2.21617e-05 +/- 3.99686e-05 (3 sigma)
