m1: 0.000155479 +/- 0.00217767 (3 sigma)
c2: 2.17133e-05 +/- 3.19444e-05 (3 sigma)
