m1: 5.17389e-05 +/- 0.00311788 (3 sigma)
c2: 6.74833e-06 +/- 3.39486e-05 (3 sigma)
