m1: -0.000300435 +/- 0.00219882 (3 sigma)
c2: 3.42956e-06 +/- 2.21419e-05 (3 sigma)
