m1: 0.000300352 +/- 0.0028281 (3 sigma)
c2: 7.09911e-06 +/- 3.63873e-05 (3 sigma)
