m1: -0.000306375 +/- 0.00195611 (3 sigma)
c2: 1.5493e-05 +/- 2.9561e-05 (3 sigma)
