m1: -0.000470108 +/- 0.00200449 (3 sigma)
c2: 1.38809e-05 +/- 2.83359e-05 (3 sigma)
