m1: -0.000506283 +/- 0.00261806 (3 sigma)
c2: 2.22351e-05 +/- 4.38682e-05 (3 sigma)
