m1: -0.000436979 +/- 0.00221446 (3 sigma)
c2: 2.09384e-06 +/- 2.27664e-05 (3 sigma)
