m1: -5.74047e-05 +/- 0.00312319 (3 sigma)
c2: 6.97009e-06 +/- 3.39437e-05 (3 sigma)
