m1: -0.000378227 +/- 0.00204063 (3 sigma)
c2: 2.82832e-06 +/- 2.43727e-05 (3 sigma)
