m1: -0.000417706 +/- 0.00203078 (3 sigma)
c2: 1.64745e-05 +/- 2.55212e-05 (3 sigma)
