m1: -0.000224047 +/- 0.00199139 (3 sigma)
c2: 1.88127e-05 +/- 3.15306e-05 (3 sigma)
