m1: -0.000303806 +/- 0.00219608 (3 sigma)
c2: 3.4757e-06 +/- 2.21451e-05 (3 sigma)
