m1: -0.000437152 +/- 0.00221162 (3 sigma)
c2: 2.09763e-06 +/- 2.27699e-05 (3 sigma)
