m1: 8.9606e-05 +/- 0.00229074 (3 sigma)
c2: 7.10834e-06 +/- 2.90766e-05 (3 sigma)
