m1: -0.000411751 +/- 0.00230648 (3 sigma)
c2: 2.18657e-06 +/- 2.43304e-05 (3 sigma)
