m1: -0.000727444 +/- 0.00204024 (3 sigma)
c2: 1.70035e-05 +/- 2.81017e-05 (3 sigma)
