m1: -0.000865527 +/- 0.00223677 (3 sigma)
c2: 2.71146e-05 +/- 3.56113e-05 (3 sigma)
