m1: -0.000961274 +/- 0.00173841 (3 sigma)
c2: 1.0092e-05 +/- 3.08451e-05 (3 sigma)
