m1: -0.000756949 +/- 0.00213527 (3 sigma)
c2: -1.13329e-06 +/- 2.40171e-05 (3 sigma)
