m1: 0.000562194 +/- 0.00298432 (3 sigma)
c2: 8.77186e-06 +/- 4.50709e-05 (3 sigma)
