m1: -0.000112515 +/- 0.00228512 (3 sigma)
c2: 4.04018e-06 +/- 2.87936e-05 (3 sigma)
