m1: -0.00164518 +/- 0.00236951 (3 sigma)
c2: 1.29617e-05 +/- 2.95068e-05 (3 sigma)
