m1: -0.0024576 +/- 0.00257274 (3 sigma)
c2: 1.4708e-05 +/- 3.26985e-05 (3 sigma)
