m1: -0.000739278 +/- 0.00225442 (3 sigma)
c2: 9.98214e-06 +/- 3.19821e-05 (3 sigma)
