m1: -0.00210056 +/- 0.00348241 (3 sigma)
c2: 1.10892e-05 +/- 3.8198e-05 (3 sigma)
