m1: -0.000583849 +/- 0.00247699 (3 sigma)
c2: 5.46251e-06 +/- 2.45611e-05 (3 sigma)
