m1: -0.00103252 +/- 0.00229648 (3 sigma)
c2: 7.86973e-06 +/- 2.76693e-05 (3 sigma)
