m1: -0.00250905 +/- 0.00282064 (3 sigma)
c2: 2.0186e-05 +/- 3.0514e-05 (3 sigma)
