m1: -0.00114123 +/- 0.00232426 (3 sigma)
c2: 1.17884e-06 +/- 2.62331e-05 (3 sigma)
