m1: -0.000663639 +/- 0.00247992 (3 sigma)
c2: 5.44306e-06 +/- 2.45614e-05 (3 sigma)
