m1: -0.00084358 +/- 0.00213168 (3 sigma)
c2: -1.36928e-06 +/- 2.40223e-05 (3 sigma)
