m1: -0.000151612 +/- 0.00225367 (3 sigma)
c2: 4.98318e-06 +/- 2.907e-05 (3 sigma)
