m1: -0.00257185 +/- 0.00282481 (3 sigma)
c2: 2.01646e-05 +/- 3.05143e-05 (3 sigma)
