m1: -0.00106315 +/- 0.00258224 (3 sigma)
c2: 1.82375e-05 +/- 2.75607e-05 (3 sigma)
