m1: -0.000607001 +/- 0.00248818 (3 sigma)
c2: 1.25387e-05 +/- 2.58461e-05 (3 sigma)
