m1: 0.000163897 +/- 0.00227597 (3 sigma)
c2: 1.65627e-05 +/- 3.23702e-05 (3 sigma)
