m1: -0.00241639 +/- 0.00315946 (3 sigma)
c2: 7.12751e-06 +/- 4.09776e-05 (3 sigma)
