m1: -0.000719213 +/- 0.00247154 (3 sigma)
c2: 7.92933e-06 +/- 2.47886e-05 (3 sigma)
