m1: -0.00130156 +/- 0.0023053 (3 sigma)
c2: 3.5276e-06 +/- 2.6481e-05 (3 sigma)
