m1: -0.000237749 +/- 0.00220547 (3 sigma)
c2: 1.62669e-05 +/- 3.33585e-05 (3 sigma)
