m1: -0.00138716 +/- 0.00229244 (3 sigma)
c2: 2.21082e-06 +/- 2.69011e-05 (3 sigma)
