m1: -0.000641937 +/- 0.00246831 (3 sigma)
c2: 7.96674e-06 +/- 2.47881e-05 (3 sigma)
