m1: -0.000796197 +/- 0.00246551 (3 sigma)
c2: 7.68953e-06 +/- 2.51619e-05 (3 sigma)
