m1: -0.00213912 +/- 0.00348975 (3 sigma)
c2: 1.12544e-05 +/- 3.81947e-05 (3 sigma)
