m1: -0.000129466 +/- 0.00223014 (3 sigma)
c2: 2.88176e-06 +/- 2.95098e-05 (3 sigma)
