m1: 0.000164486 +/- 0.002225 (3 sigma)
c2: 9.56694e-06 +/- 3.03352e-05 (3 sigma)
