m1: -0.000550999 +/- 0.00248422 (3 sigma)
c2: 1.25989e-05 +/- 2.58447e-05 (3 sigma)
