m1: -0.0014393 +/- 0.0023936 (3 sigma)
c2: 2.91724e-05 +/- 3.94697e-05 (3 sigma)
