m1: -0.000290808 +/- 0.00244826 (3 sigma)
c2: 1.73659e-05 +/- 3.59331e-05 (3 sigma)
