m1: -0.000854559 +/- 0.00246904 (3 sigma)
c2: 7.65104e-06 +/- 2.51632e-05 (3 sigma)
