m1: 0.000379108 +/- 0.00192706 (3 sigma)
c2: 4.33029e-07 +/- 2.56391e-05 (3 sigma)
