m1: -0.000792797 +/- 0.0022225 (3 sigma)
c2: 8.34728e-06 +/- 3.24434e-05 (3 sigma)
