m1: -0.000566847 +/- 0.00292832 (3 sigma)
c2: 2.77178e-05 +/- 4.96503e-05 (3 sigma)
