m1: -0.000595718 +/- 0.00178877 (3 sigma)
c2: 4.09283e-06 +/- 2.8093e-05 (3 sigma)
