m1: -0.00110541 +/- 0.0025859 (3 sigma)
c2: 1.82391e-05 +/- 2.75619e-05 (3 sigma)
