m1: -0.000654077 +/- 0.00229222 (3 sigma)
c2: 8.1514e-06 +/- 3.17009e-05 (3 sigma)
